91444905.7917788 7889.1070565458176
91503056.718117 7904.299843250682
91560462.0388033 7919.4655463701347
91617924.041012 7934.5937853485011
91675453.870682 7949.6715150895598
91732919.0086291 7964.713659643754
91790871.2570651 7979.7231628925674
91848455.8500674 7994.6985038196153
91906142.4887774 8009.6470889587281
91963866.1442606 8024.5811940185331
92021365.5797045 8039.511626035287
92079216.0897868 8054.4493729902215
92136682.980408 8069.3940828519681
92194343.8508799 8084.3337984777936
92251862.0293658 8099.2811314131486
92309550.6922266 8114.2502836015519
92367263.9322932 8129.2488025597531
92424829.5724032 8144.2557685269985
92482721.702038 8159.2406421358155
92540309.6236575 8174.312284991991
92597977.893719 8189.4096053709418
92655715.4956019 8204.516031470439
92713188.748337 8219.6312963024666
92770647.4419558 8234.7595882864298
92828169.7467577 8249.9040293897651
92885881.7697794 8265.0664648777802
92943796.430897 8280.2463253932019
93001264.2080348 8295.4381541862404
93058965.4158404 8310.6250817191612
93116579.3758814 8325.8062296283169
93174128.6550944 8340.9859852129739
93231903.5777514 8356.1691391019976
93289413.6396639 8371.3570072526072
93346961.7951586 8386.5513799442015
93404489.8022654 8401.7533223312093
93462326.8324549 8416.9634973696702
93520044.0679858 8432.180422964846
93577445.8129199 8447.4015197137833
93635048.3609927 8462.6250128235279
93692841.4629328 8477.8486328116724
93750342.3994753 8493.0720310606775
93808297.0280421 8508.2981288513511
93865814.4237864 8523.5294861056245
93923807.6106455 8538.7652835666231
93981316.5543559 8553.9971092468058
94038747.6929934 8569.22147690149
94096309.9584239 8584.4393242855767
94154219.6734278 8599.6524547320278
94211671.2203715 8614.8619058744025
94269454.9244807 8630.0669212853536
94326792.5884516 8645.2669313863153
94384365.6581004 8660.462456534191
94441944.5525973 8675.6545022450846
94499703.6677477 8690.8433151142508
94557168.8010485 8706.0288753466175
94614815.2759402 8721.210799460654
94672368.7584193 8736.3880890423989
94729863.3040545 8751.5597745365703
94787368.6529467 8766.7257485588671
94845298.3705637 8781.8865772006902
94903006.945801 8797.0435398229711
94960417.367348 8812.1978920800193
95018293.8812335 8827.3499571629818
95075793.230469 8842.4991677886155
95133528.7947543 8857.6459585705488
95190928.2224314 8872.7911339520942
95248395.6781161 8887.9363211474647
95305862.6760714 8903.0832088010211
95363572.4081004 8918.2325698896129
95421214.1647875 8933.3832450929876
95478627.2134287 8948.5349833481432
95536063.5792696 8963.6897331013188
95593707.4666293 8978.8490578395067
95651376.543236 8994.0141761618015
95710504.0625002 9009.1841448195737
95771462.1133654 9024.3578134492509
95832075.5935442 9039.5344206761929
95893026.3518107 9054.7134456230233
95953682.8045657 9069.8937067233928
96014569.7384799 9085.0753250008274
96075632.1558917 9100.2583345263702
96136248.434849 9115.443124275047
96197321.7581942 9130.6303619094251
96258285.9953005 9145.820075393538
96319478.0296977 9161.0122288013736
96380441.4875758 9176.2069909984784
96441700.5606959 9191.4046704673128
96502639.9073489 9206.6053219677742
96563697.0420191 9221.8080320580902
96624721.6815112 9237.0119651711739
96686065.8946345 9252.21621678677
96747057.4687922 9267.4203901325836
96808239.4601519 9282.6238691168983
96869455.3730128 9297.8264411107903
96930644.6737139 9313.0272981543985
96991771.681946 9328.225393739338
97053027.871464 9343.4210646601805
97114273.7086794 9358.6146589642922
97175638.4453967 9373.8060404704847
97237512.2049372 9388.9947781632509
97298829.3931468 9404.1805715077444
97360491.5836108 9419.3634586918743
97421836.7761652 9434.5435269224417
97483259.5938456 9449.7208527467392
97544641.3146479 9464.8951516300458
97606673.1200831 9480.0660109720029
97668462.2912371 9495.233318060089
97730084.8843424 9510.3969088782123
97791945.0815699 9525.5563952112861
97853378.9530299 9540.7113070134819
97915141.2571871 9555.861039357771
97977025.8193667 9571.0050926640743
98038645.7144816 9586.1432042600936
98100554.6837046 9601.2755217424983
98162315.804806 9616.4022219650597
98224159.2193186 9631.5233396884814
98286059.7987521 9646.6386120432471
98348442.1898081 9661.7477510382432
98410534.9925044 9676.8505691465107
98472644.8454096 9691.9470117184883
98534455.077904 9707.0370518240288
98596767.8819239 9722.120927740043
98658830.8066714 9737.1988165898929
98721033.3088038 9752.2707160968894
98780832.4925044 9767.3363990269572
98840238.3648226 9782.3957138698806
98899793.1636164 9797.4485681299648
98959137.1674006 9812.4948205380078
99019012.4078143 9827.5343437252486
99078438.8141062 9842.5668497004826
99137752.441849 9857.5919671000156
99197022.708214 9872.6092780403615
99256613.1597369 9887.6185222872646
99316163.8507426 9902.6196238887696
99375700.785332 9917.6125853146386
99494593.431 9947.5742252996351
99554099.4174464 9962.5428522643342
99613502.5220339 9977.5031234761173
99672835.1287844 9992.4548274364006
99731771.0996325 10007.397694023677
99790656.9943392 10022.331544432833
99849557.5930789 10037.256222901282
99908442.2812579 10052.171608087334
99968199.2909052 10067.077665911431
100027666.40057 10081.974464274574
100087586.447785 10096.862064011448
100146956.80634 10111.740481273901
100206284.731941 10126.609597690249
100265814.403755 10141.469302645542
100325221.95372 10156.319447564643
100384706.226113 10171.159853753727
100444232.465443 10185.99046887138
100503686.672993 10200.811285385284
100563971.267586 10215.622351741154
100623775.220417 10230.423764474204
100683132.29364 10245.215658644553
100742697.945473 10259.998118025915
100802084.713505 10274.771105267169
100861998.609429 10289.534464510512
100921869.5718 10304.287974164627
100981362.533062 10319.031472586788
101041093.146694 10333.764946455567
101100602.355522 10348.488519295233
101160021.19759 10363.202326662957
101219744.039299 10377.90644482586
101279547.273098 10392.600838016169
101339192.863755 10407.28542146124
101398667.505097 10421.960084554998
101458365.587113 10436.624672463244
101517877.454426 10451.279121413072
101577863.546753 10465.923448728192
101637670.515721 10480.557668080311
101697743.074822 10495.181745986774
101758416.030358 10509.795646857376
101818373.984707 10524.399373342732
101877895.939987 10538.992936376206
101937673.597798 10553.57633589055
101997426.053257 10568.149589404502
102056855.009304 10582.712769250444
102116296.553738 10597.265998180399
102175734.416081 10611.809395076998
102235335.631413 10626.343003562642
102294712.768395 10640.743702274682
102354199.745346 10654.439532700937
102413572.570194 10668.270061727382
102473060.373627 10682.405602278091
102532913.897927 10696.331142319847
102592349.340313 10709.624906703852
102652075.247345 10722.020427297944
102711704.361668 10733.578572353563
102771213.182083 10744.484522903822
102830949.014897 10754.978336034157
102890618.907574 10765.184273811579
102950086.019402 10775.195307938957
103009750.060635 10785.094392987479
103069504.148331 10795.341340821564
103129063.575905 10806.393282655832
103188537.30204 10816.990081951701
103248123.219185 10827.506038313866
103307741.434155 10837.74641027349
103367501.260296 10847.502133966904
103427383.445923 10856.990750569024
103486843.693413 10866.545052529276
103546816.485577 10876.082834041104
103606635.379563 10885.664627100961
103666346.700115 10895.38484257137
103725707.931526 10905.088834631839
103785020.995991 10914.795582683908
103844376.326279 10924.457801613811
103903726.67968 10934.070668148612
103963212.045189 10943.707148433046
104022640.147312 10953.471470466036
104082056.595768 10963.251843197326
104141802.035874 10972.918357006476
104201594.707989 10982.56138518986
104260918.202564 10992.139657839085
104320737.665104 11001.783491333113
104380306.283875 11011.513849731949
104439872.644875 11021.212778087072
104499113.990807 11030.739503638228
104558779.739018 11040.112125943879
104617955.586453 11049.523374311459
104677132.968163 11059.187865776159
104736616.804489 11068.914279501583
104796049.841305 11078.63796463884
104855336.281605 11088.43734413253
104914972.701138 11098.313736559896
104974511.589531 11108.246080214129
105034214.448551 11118.210598061303
105093327.783665 11128.220749343864
105154402.17852 11138.323267650772
105213663.427513 11148.436494920576
105272779.177799 11158.500535532456
105331967.324658 11168.529622650996
105391410.806759 11178.685813892544
105450754.462242 11188.994543494984
105509776.817158 11199.343792030173
105568774.30135 11209.727257758885
105627758.9081 11220.144162324401
105686720.790501 11230.592094548367
105746236.436184 11241.053960546482
105805428.122849 11251.486667003925
105864757.751732 11261.930547408709
105923865.017254 11272.412508683336
105983149.734452 11282.927675477267
106042057.348442 11293.488221741738
106101021.616581 11304.07307886528
106160220.345242 11314.667477747471
106219302.260418 11325.284066595499
106279060.689522 11335.929848976135
106338706.598427 11346.600083408654
106398153.115467 11357.284765364895
106457387.78431 11367.970913891984
106516559.07909 11378.676591308318
106576238.81609 11389.418308205109
106635618.689778 11400.186516808415
106694727.025368 11410.980671140545
106753831.841786 11421.787924353697
106812913.80093 11432.610874656013
106872502.297745 11443.455484838219
106931594.653801 11454.311898295515
106990771.326218 11465.157096011688
107050093.991063 11475.985070365739
107109467.307915 11486.810909966161
107168822.61266 11497.64721088373
107228213.272198 11508.505266469094
107287575.692616 11519.389925687839
107347033.76273 11530.306730213364
107406672.339428 11541.258717139412
107466269.918469 11552.229127553777
107525360.214119 11563.211037221612
107584452.473061 11574.217876249608
107644068.642742 11585.247883907552
107703266.249253 11596.299252876632
107762589.005009 11607.379669262513
107821792.391152 11618.491762428997
107881034.677273 11629.635222586881
107940212.886402 11640.821057934885
107999365.444779 11652.067548967419
108058732.641285 11663.357997456747
108118049.222657 11674.670666945696
108177158.408566 11686.021635213929
108236437.310711 11697.420105313555
108296122.471077 11708.858189780905
108355805.073529 11720.330557957323
108415467.336075 11731.845739167726
108474524.521176 11743.37019614491
108533737.026257 11754.882494836011
108592825.085972 11766.373455747644
108652020.017689 11777.857282792103
108711385.529923 11789.339572017063
108770590.944737 11800.81861170177
108829934.900421 11812.264427763997
108889643.104725 11823.693756733484
108948873.251446 11835.114476814795
109008085.535302 11846.554083514244
109068294.695111 11858.032653174936
109127524.10997 11869.56488009522
109186988.638729 11881.095589458222
109246049.67511 11892.636944953696
109305553.31205 11904.183791789737
109364753.030568 11915.739330876026
109424015.314392 11927.271229340042
109483156.526615 11938.748607308451
109542333.354065 11950.181784474142
109601865.140519 11961.602776459995
109661368.622712 11973.031164901467
109720622.850113 11984.473856640561
109780096.003174 11995.931823702624
109840085.87402 12007.405716564672
109899630.725209 12018.898644807063
109958989.515046 12030.417089941204
110018582.132134 12041.959297099998
110078067.734135 12053.504391928705
110137443.215248 12065.033991476235
110197012.372246 12076.552205226779
110256355.951271 12088.077014632509
110315460.813523 12099.582621822821
110374823.927063 12111.082411306868
110434284.968945 12122.573907112588
110493800.140866 12134.072258033584
110553565.131382 12145.569113323696
110613805.746834 12157.06008938179
110674207.595635 12168.498202470622
110734217.804852 12179.928466163923
110793848.939057 12191.361901911121
110853611.673291 12202.807164514146
110913121.606724 12214.207248696126
110972713.707432 12225.611293462713
111032204.237351 12237.087293463472
111092528.652073 12248.546913102791
111152295.799561 12259.978712774313
111212185.041146 12271.378713876704
111272221.563237 12282.752600799975
111331614.731297 12294.104856054064
111391455.069714 12305.407655341065
111450939.290562 12316.714437881737
111510783.521824 12328.040377384628
111570839.598744 12339.403698918022
111630431.724743 12350.804616871887
111690465.244339 12362.220562213
111750266.946747 12373.612497749909
111809841.640007 12385.025520900941
111869450.380299 12396.435566895252
111929019.660504 12407.835897252467
111988476.819531 12419.227570848539
112048154.666802 12430.609281747264
112107882.170708 12441.984126579215
112167654.633335 12453.367269761455
112227542.834755 12464.762904833718
112287296.73732 12476.163719902137
112347090.233593 12487.566471907561
112406865.501236 12498.987403292593
112466622.767872 12510.419066814457
112526308.932789 12521.856864072435
112585933.570538 12533.305579779386
112645784.534233 12544.754539277435
112705668.372353 12556.208613069293
112765675.342297 12567.66754487425
112825693.247403 12579.130907839899
112885581.187416 12590.594495041429
112945310.273537 12602.051742132884
113005067.063538 12613.508408807562
113064972.021626 12624.963300908474
113124649.287526 12636.417700684464
113184099.482422 12647.867755684598
113244176.331959 12659.315754855881
113304444.88649 12670.764411497954
113364137.072522 12682.215253228025
113423834.659077 12693.670279448535
113483512.960289 12705.133775463733
113543718.495617 12716.599833730796
113603724.516548 12728.067468467352
113663520.896515 12739.531825203925
113723466.429001 12750.992194000426
113783308.078728 12762.448555961935
113843323.393269 12773.896371411971
113903685.315338 12785.339463946044
113963348.286698 12796.774933146999
114023156.103672 12808.209836741149
114082894.537556 12819.645491432102
114143031.902809 12831.085612051904
114202876.238659 12842.533876468495
114263093.314049 12853.983525541369
114323036.464871 12865.433466332914
114382993.548451 12876.884536066498
114442838.357926 12888.335204296145
114502436.307194 12899.787955698081
114562738.742417 12911.242209799721
114622546.369557 12922.696900966477
114682265.233563 12934.14919139379
114741992.721379 12945.599056712406
114801927.759095 12957.043440943871
114862289.846325 12968.482164362213
114922102.93898 12979.914697244687
114982216.792817 12991.341560295516
115049193.807092 13002.763168585476
115115381.060082 13014.179352934789
115181490.847787 13025.590350142091
115247829.562669 13036.996421263824
115313856.319322 13048.398790112027
115379808.048875 13059.798595412256
115446101.398782 13071.196763278062
115512219.704667 13082.593749532574
115578217.853677 13093.989621569022
115644354.598878 13105.385578369578
115710287.206384 13116.781962514866
115776293.836335 13128.17920508168
115842491.344445 13139.573115880965
115908720.739594 13150.962868904277
115974932.625054 13162.35120544761
116041101.271027 13173.737190282012
116106915.204125 13185.121077563255
116173579.775926 13196.501534223697
116239752.400048 13207.876461896709
116306015.644532 13219.24686622865
116372016.402749 13230.611462875635
116438115.838105 13241.969735844805
116504058.099755 13253.324906851909
116570119.912728 13264.701643848932
116636267.747826 13276.098884419267
116702239.074265 13287.49784381256
116768177.926766 13298.918230790785
116834402.760689 13310.394283625057
116900419.389824 13321.966066590045
116966529.515839 13333.560117432418
117032748.643509 13345.044720302869
117098920.855118 13356.540284249499
117164827.131669 13368.178641051183
117231166.710259 13379.908316043247
117297176.325814 13391.644317538286
117363458.111649 13403.413513458634
117429531.977494 13415.192118386931
117495687.452942 13426.926107651243
117562010.958832 13438.573672050725
117627818.281273 13450.173294089829
117693845.270997 13461.758106005105
117759945.738083 13473.343238456739
117826536.668091 13484.893639891912
117892304.915162 13496.380331552751
117958470.092751 13507.889615574179
118024598.835488 13519.420622846992
118090948.68483 13530.936305902685
118156983.816887 13542.404310557
118222958.141404 13553.823074970698
118289120.69658 13565.214839068089
118355441.292122 13576.631477566043
118421340.758042 13587.974621773626
118487776.273667 13599.258275448856
118553808.231774 13610.511978889223
118620070.896226 13621.751660192605
118686127.239472 13632.986501731331
118752442.379822 13644.222655475245
118819051.503487 13655.469949070857
118885386.667313 13666.719510062605
118951481.510041 13677.963218159864
119017901.274842 13689.20228705181
119084372.263123 13700.432902162014
119150924.151772 13711.653899623794
119217309.995919 13722.908752360669
119283664.388955 13734.238716145239
119350211.666047 13745.580065439668
119416652.512353 13756.929164788384
119483141.040215 13768.293112774834
119549860.419282 13779.684159370976
119616471.934876 13791.11120562981
119683006.130227 13802.565367138401
119749526.976502 13814.056794612485
119816159.868516 13825.579025698604
119882996.820496 13837.075914838008
119950028.029091 13848.549979001509
120016708.745392 13859.936211311357
120083422.394333 13871.1578118047
120150108.688439 13882.087391701043
120216747.026627 13892.704574587271
120283828.017136 13903.116069185298
120350910.843003 13913.40426781932
120417341.56765 13923.619372465724
120484757.61258 13933.793119707276
120551289.344567 13943.913516579398
120617831.094849 13953.994615285299
120684516.635544 13964.046990743054
120751309.411133 13974.073724865009
120817897.877686 13984.079549600301
120884527.050644 13994.073017327175
120951769.093262 14004.0574005609
121018916.192078 14014.031707712798
121085561.02726 14023.993047527245
121153094.508599 14033.937531509997
121219682.590287 14043.871661701456
121286449.425622 14053.811073707528
121353092.729584 14063.76256928064
121419812.991768 14073.728054816454
121486673.111649 14083.703964561402
121553367.437974 14093.691593136497
121620019.910897 14103.69700440339
121687013.855057 14113.724195032924
121753979.808686 14123.777999317666
121820498.918137 14133.863572828239
121887325.53267 14143.983742431059
121954312.202324 14154.142034075181
122020861.595452 14164.336460617102
122087568.157937 14174.543881053525
122154417.581872 14184.765246488185
122221343.30114 14195.012393463443
122288078.596718 14205.297317717121
122354883.551842 14215.626812494405
122421556.505295 14225.987794522265
122488500.044571 14236.374215106069
122555532.73259 14246.773843382894
122622404.081688 14257.181742506333
122689027.251008 14267.599826993726
122755704.83561 14278.032430434449
122822462.831643 14288.480961109231
122889053.975449 14298.943997426784
122955993.111863 14309.418016394287
123022810.615616 14319.891533867369
123089405.664879 14330.352251497745
123156127.18216 14340.79359849612
123222636.979416 14351.20638974804
123289992.369423 14361.58893727979
123356723.120186 14371.959069110502
123423729.503548 14382.357391393922
123490670.627251 14392.787035096248
123557235.659073 14403.224338670083
123623928.701394 14413.66871733142
123690442.678788 14424.120764137253
123757406.882134 14434.590914211787
123823916.93052 14445.089988518102
123890690.684174 14455.600431718549
123957233.760026 14466.126200688397
124023945.139031 14476.658737068889
124091023.460755 14487.19521498235
124157849.793923 14497.733984490815
124224693.692559 14508.26528777272
124291511.6885 14518.791060621386
124358096.681107 14529.329673631673
124424859.188859 14539.872476442333
124491417.290413 14550.420684697252
124558046.230782 14560.975294586144
124624643.053856 14571.535810247246
124691429.40194 14582.101171201
124757929.997689 14592.671013875473
124824512.310158 14603.245640846313
124891200.310784 14613.825157322663
124957613.954049 14624.408887835378
125024108.364014 14634.995994094246
125090843.061616 14645.586481633274
125157363.845017 14656.180587415678
125223950.139779 14666.779254830548
125290685.974488 14677.383263949052
125357298.183571 14687.993170419355
125423878.39914 14698.608800712005
125490381.493271 14709.22931723184
125556990.465531 14719.853801986654
125623590.909058 14730.481747371068
125690031.88736 14741.112993607503
125756583.355713 14751.746663495665
125823050.423546 14762.38249211127
125889736.360344 14773.019776942238
125956349.133919 14783.658361827172
126022700.741211 14794.298122048158
126089424.398812 14804.939286036581
126156192.714737 14815.582462717653
126222704.045022 14826.227788438786
126289236.547219 14836.875407046786
126355994.965653 14847.525464053098
126422558.558907 14858.178026884456
126489347.321488 14868.833231059227
126555709.863953 14879.491067642864
126622289.861695 14890.150272516248
126688698.40783 14900.810335494742
126755486.929169 14911.471262893305
126826890.610962 14922.133762519537
126894894.862 14932.798871625548
126961182.221497 14943.466238420155
127027616.739106 14954.137509129501
127094349.951104 14964.813998810012
127160814.764657 14975.496034394679
127227648.039376 14986.183331849372
127294158.280068 14996.874598707822
127361130.244729 15007.568152634056
127427971.62809 15018.26359876125
127494617.754258 15028.960881231485
127560943.427453 15039.659628300464
127627798.590462 15050.35974396866
127694294.83107 15061.061610177401
127760808.062905 15071.765373297541
127827085.714287 15082.471188258369
127893426.54406 15093.179400358811
127959827.914498 15103.890218762312
128026174.611107 15114.603726489358
128092544.791703 15125.319954358109
128158888.169777 15136.038684673662
128225199.680863 15146.759486158531
128291562.404099 15157.48206152081
128357842.677826 15168.206538632981
128424267.888321 15178.933181259134
128490606.540993 15189.662354965521
128557039.765763 15200.394145465098
128623362.971543 15211.128067966629
128689685.560349 15221.863961821095
128755977.622681 15232.602069775285
128822196.195862 15243.342453344629
128889244.753174 15254.085086239258
128955690.480111 15264.829528219132
129021941.082261 15275.574905254505
129088133.664513 15286.320344965834
129154482.315087 15297.065331659775
129220576.956788 15307.809858404255
129286804.240433 15318.554029938121
129353007.941216 15329.297995719146
129419335.629143 15340.042084030822
129485850.526116 15350.786643162446
129552051.558365 15361.532210095645
129618200.649727 15372.279367204499
129684620.101555 15383.029076697427
129750731.549889 15393.782090409328
129817133.816559 15404.538874581769
129883378.882401 15415.299095734861
129949671.127221 15426.061899267517
130015943.948098 15436.826285565252
130082212.848595 15447.591347595924
130148363.008149 15458.356742711025
130214878.396256 15469.122211272695
130281604.12851 15479.887870248409
130347697.642304 15490.654029887915
130414325.674195 15501.420945045191
130480626.051758 15512.188887219132
130546936.177949 15522.958088660751
130613223.775506 15533.728557402319
130679424.912697 15544.500080970987
130745834.032822 15555.27263554574
130811792.918046 15566.046105365916
130878067.667939 15576.820153287599
130944262.821038 15587.594675164777
131010596.714799 15598.369675672166
131077609.489274 15609.145398483863
131143954.662835 15619.922130704212
131210094.15265 15630.699884014868
131276195.403955 15641.478776191023
131342668.181771 15652.258809196475
131409175.290055 15663.039739752554
131475279.29252 15673.821451518783
131541642.650994 15684.603983066789
131608049.525399 15695.387141599573
131674344.56862 15706.170645337977
131740783.985879 15716.954236294507
131807272.339791 15727.737612245133
131873688.756394 15738.520680225611
131940218.713746 15749.303645160648
132006620.137651 15760.086694531521
132072867.639962 15770.870131336973
132139312.429742 15781.654286898565
132205820.480561 15792.439427313237
132272281.667344 15803.225752487313
132338815.404405 15814.013292254005
132405612.465051 15824.802034294777
132472207.391359 15835.591610328031
132538799.025911 15846.381537990696
132605558.216089 15857.171471704109
132672311.0263 15867.96112050446
132739032.75152 15878.750377507164
132805881.611947 15889.53901768079
132872545.793321 15900.32689340172
132939057.329301 15911.11371495506
133005665.534143 15921.899362453341
133072249.889978 15932.683719234979
133138941.922014 15943.466595417169
133205428.287012 15954.247998237435
133272423.43184 15965.02795758225
133339148.055093 15975.806583762245
133405921.106813 15986.584430997058
133472557.10077 15997.362392292587
133539660.387391 16008.142360796559
133606261.623399 16018.926688865831
133673021.441217 16029.719038960831
133739638.658327 16040.524944904522
133806685.569154 16051.351627791673
133873215.817941 16062.209734355587
133939834.843126 16073.11951413409
134006364.016168 16083.845634095356
134073246.056199 16094.324236220804
134139760.018121 16104.764641042431
134206326.497987 16115.261477788954
134272654.040574 16125.801425453137
134339010.462854 16136.380857969947
134405567.876481 16147.059284255407
134471937.910203 16157.852368071055
134538258.594369 16168.757678179212
134604577.556199 16179.712611634075
134671028.368547 16190.661029011781
134737302.252992 16201.557156230216
134803813.742624 16212.412958270466
134870240.191804 16223.260548117942
134936692.393762 16234.113902247247
135002934.949663 16244.955694708706
135069250.007844 16255.775703879093
135135511.565034 16266.564536448028
135201687.066087 16277.320111087665
135268023.23887 16288.043271700581
135334312.451646 16298.743629452507
135400787.152345 16309.442011090849
135467063.649339 16320.14526776851
135533405.764169 16330.855179006207
135599640.287073 16341.572397989445
135665983.38511 16352.297332085691
135732101.287225 16363.025093131399
135798205.006013 16373.763436354899
135864624.024316 16384.493245760186
135930800.269464 16395.195184061755
135996863.188554 16405.87575293937
136063346.609697 16416.527543360582
136129494.795099 16427.140665199087
136195785.094697 16437.702851803588
136261961.641191 16448.206600087076
136328383.069963 16458.654548472336
136394849.480379 16469.052499636171
136461129.456033 16479.406912097726
136527534.396615 16489.726430342231
136593899.973436 16500.019457152819
136660739.500062 16510.286472780543
136727065.950654 16520.530247658324
136793625.995073 16530.760562639873
136860285.828905 16540.975677224313
136926667.754045 16551.170927708568
136993048.207521 16561.350901008464
137059485.423578 16571.521915774676
137125836.755067 16581.687754722516
137192198.267358 16591.844767153591
137258423.630342 16601.992005562592
137331195.105226 16612.132399874405
137397944.752336 16622.268776225588
137464655.635606 16632.398418032753
137531354.734002 16642.521537633038
137598137.931367 16652.638689382471
137664629.99685 16662.752114778399
137731094.780168 16672.864055860911
137797623.21351 16682.97815087561
137864267.599031 16693.096114984324
137930929.102876 16703.218367464058
137997383.06363 16713.345782525666
138064181.107781 16723.480575057474
138130813.310517 16733.622408874366
138197503.418801 16743.769895907139
138264182.734391 16753.921264595523
138330833.865907 16764.074260115289
138397787.724412 16774.226397812916
138464503.564233 16784.377636580175
138531305.718164 16794.529086474533
138597897.474458 16804.681386502791
138664760.746385 16814.833855742178
138731556.267182 16824.987141441368
138798146.434762 16835.142310027844
138864760.322808 16845.298824861475
138931299.626229 16855.455338320666
138998212.806733 16865.611160430282
139065221.896142 16875.7658072298
139131775.074266 16885.919771981415
139198294.319444 16896.073072941224
139264807.511727 16906.226584703199
139331659.157006 16916.381998440429
139398559.71486 16926.53895101904
139465263.071626 16936.695488108242
139531936.492524 16946.850124774417
139598524.633836 16957.00190876026
139665172.292275 16967.150806359776
139731866.104051 16977.298051310314
139798690.865487 16987.44647308837
139865615.145318 16997.600075461061
139932516.155053 17007.761734050411
139999436.89644 17017.931887781295
140066099.078324 17028.109954174757
140132840.314965 17038.295407972182
140199663.977677 17048.489121802926
140266414.899385 17058.689603596809
140332962.396295 17068.894658556306
140399747.830682 17079.103531006935
140466505.735597 17089.31592629465
140533192.725617 17099.531668696436
140600038.76201 17109.751417812789
140666607.884362 17119.97637045247
140733318.195771 17130.207444165859
140800049.073335 17140.444445044799
140866552.73253 17150.687257117355
140933072.740617 17160.93614528895
140999810.149736 17171.191604911739
141066321.379884 17181.453911915218
141132948.519754 17191.722415284206
141199432.800027 17201.995179227339
141266086.175065 17212.27034018355
141332649.621034 17222.547961621487
141399433.202325 17232.829397806956
141466059.689881 17243.115475907052
141532599.690362 17253.406868384587
141599264.932809 17263.703857817967
141665925.998895 17274.006260786755
141732479.444558 17284.313949488533
141799367.612374 17294.626679728852
141865804.403924 17304.94382104505
141932388.797868 17315.264645625255
141999238.336999 17325.587893364729
142065794.949426 17335.912768172959
142132501.549264 17346.238674198205
142199639.611985 17356.565351935442
142266439.512116 17366.892440922293
142332960.568528 17377.220043811718
142399604.199288 17387.548143898537
142466044.387605 17397.87669859147
142532935.92376 17408.205350925604
142599508.968988 17418.533307514404
142666346.823289 17428.860204750636
142733212.107865 17439.18592521517
142799769.442094 17449.511182568225
142866618.060205 17459.837139744275
142933290.740075 17470.164320702621
143000465.44053 17480.491876943976
143067091.639787 17490.818164092845
143133749.11902 17501.143882065582
143200311.105615 17511.469704887128
143266821.201333 17521.796034031486
143333461.08175 17532.123121285425
143399875.853677 17542.450982383722
143466566.336366 17552.77919150197
143533135.511155 17563.106897457852
143600295.124154 17573.433355511064
143666981.432359 17583.756684700937
143733927.072587 17594.077376068883
143800643.882134 17604.39681496764
143867349.473016 17614.715301341104
143934466.176599 17625.033140642769
144002648.484109 17635.350705297642
144069385.268174 17645.667657716447
144136371.52321 17655.984301018372
144202836.287828 17666.301176273158
144269543.80063 17676.619899398498
144335903.336274 17686.942351669921
144402527.529519 17697.268980735807
144469120.695863 17707.599400317082
144535564.414865 17717.931213424101
144602150.324945 17728.263605009859
144668593.638162 17738.595982313396
144735082.044694 17748.928204100514
144801748.134645 17759.260550994914
144868186.700761 17769.593404093943
144934780.144235 17779.9268405693
145001463.029191 17790.260756185104
145068208.102098 17800.594500516469
145134895.935845 17810.926967304604
145201582.829095 17821.257282939776
145268028.563722 17831.585000637584
145336019.359208 17841.910180768831
145403169.875047 17852.233232427254
