0.0  326000.0  0.0  0.0
8000.08231592  237469.212335  244.219679045  16.8320037448
9000.08166708  282544.851334  297.475460586  25.5800521948
10000.0768082  300864.777011  431.446330771  24.756237817
11000.0402008  241273.840369  515.994762171  36.6048894981
12000.0604991  251541.069852  701.561294578  53.2710797635
13000.0223663  280064.746711  780.89411766  64.3871543401
14000.0644579  235200.242231  854.628545597  73.3425239299
15000.0824674  219402.316261  1017.85533975  85.9128016795
16000.0571161  247490.930959  1091.20969131  112.908270851
17000.0380523  223242.690107  1120.85474114  120.209257265
